2104983536
2104975976
2104975960
2104975952
2104975824
2104974864
2104974848
2104974800
2104974800
2104974800
2104974768
2104974704
2104974704
2104974688
2104974688
2104974504
2104974500
2104974500
2104973792
2104973792
2104973760
2104973728
2104973616
2104973616
2104973600
2104973600
2104973456
2104973456
2104973416
2104973412
2104973412
2104972288
1929409641
1852399481
1819435365
1819177588
1722155008
1686763962
1685382483
1685382482
1685382481
1685382480
1670620166
1657149803
1600061509
1413568073
1380998979
1179403647
1112099911
791621423
791621423
791621423
791621423
767372134
637070928
182653664
182653664
182653664
182653664
182653664
182653664
182653664
182653472
182651632
182651632
182651632
182651632
182651632
182651632
182648896
182648672
182647376
182540380
182523520
182509008
182500782
182500782
182488945
182488945
182466260
182464980
182460945
182460945
182458345
182458345
182457212
182457212
182457212
182453411
182435904
182413648
182413648
182413648
182413648
182413576
182413576
182413528
182413408
182413408
182412688
182412688
182412688
182412676
182412648
182411264
182405920
182405920
182405920
182405920
182405920
182405920
182404752
182404752
182404720
182404304
182404304
182404304
182404304
182403424
182403424
182403424
182403424
182403424
182403424
182403424
182403424
182403392
182403392
182271760
182264248
182264184
180684096
180188089
180186522
180186522
180178810
180178810
180083816
180083720
180083408
180071308
180053824
61765110
50397442
35059415
16843007
4259906
4194318
4063235
3670080
3167716
3167716
3167716
2216304
2212080
2198464
2198464
2194368
2185456
2185456
2185456
2185456
2185456
2181360
2181360
2181360
1982028
1982028
1982028
1982000
1982000
1982000
1822720
1822720
1822720
1656001
1656001
358604
358604
196607
196607
171856
163840
163840
163840
163808
163808
75104
49495
32768
32767
32767
32767
32767
32767
32767
32767
32767
32767
32767
32767
32767
32767
32767
32767
32767
32767
32767
32767
32767
32767
32767
32767
32767
32767
32767
32767
32767
32767
32767
32767
32767
32767
32767
32767
32639
32639
32639
32639
32639
32639
32639
32639
32639
32639
32639
32639
32639
32639
32639
32639
32639
32639
32639
32639
32639
32639
32639
32639
32639
32639
32639
32639
32639
32639
32639
32639
32639
32639
32639
32639
32639
32639
32639
32639
32639
32639
32639
32639
32639
32639
32639
32639
32639
32639
32639
32639
32639
32639
32639
32639
32639
32639
32639
32639
32639
32639
32639
32639
32639
32639
32639
32639
32639
32639
32639
32639
32639
32639
32639
32639
32639
32639
32639
32639
32639
32639
32639
32639
32639
32639
32639
32639
32639
28876
28876
21881
21881
21881
21881
21881
20376
8064
8064
7015
4416
4336
4096
4096
4096
4096
4096
4096
3480
3480
996
995
994
984
981
967
966
963
921
915
896
896
896
886
885
876
868
848
848
848
848
848
848
846
842
836
832
832
832
832
832
832
832
832
832
832
832
832
832
832
832
832
832
832
832
832
832
822
821
791
789
784
784
781
751
748
733
729
727
721
717
716
716
703
696
678
654
647
643
641
640
622
599
592
590
588
579
562
561
552
549
536
531
529
528
524
512
503
499
498
493
483
478
472
467
464
464
458
456
428
421
411
408
401
401
383
378
375
371
356
348
343
343
307
306
299
265
255
227
219
169
164
158
152
144
130
113
96
96
95
84
83
81
80
68
68
66
64
64
64
64
64
64
64
61
58
58
57
48
48
48
48
47
37
33
32
31
30
28
28
25
16
16
16
16
15
13
13
12
10
10
10
8
8
8
8
8
8
7
6
6
6
6
6
6
5
4
4
4
4
4
4
4
4
4
4
4
4
4
4
3
3
3
3
3
2
2
2
2
1
1
1
1
1
1
1
1
1
1
1
1
1
1
1
1
1
1
1
1
1
1
1
1
1
1
1
0
0
0
0
0
0
0
0
0
0
0
0
0
0
0
0
0
0
0
0
0
0
0
0
0
0
0
0
0
0
0
0
0
0
0
0
0
0
0
0
0
0
0
0
0
0
0
0
0
0
0
0
0
0
0
0
0
0
0
0
0
0
0
0
0
0
0
0
0
0
0
0
0
0
0
0
0
0
0
0
0
0
0
0
0
0
0
0
0
0
0
0
0
0
0
0
0
0
0
0
0
0
0
0
0
0
0
0
0
0
0
0
0
0
0
0
0
0
0
0
0
0
0
0
0
0
0
0
0
0
0
0
0
0
0
0
0
0
0
0
0
0
0
0
0
0
0
0
0
0
0
0
0
0
0
0
0
0
0
0
0
0
0
0
0
0
0
0
0
0
0
0
0
0
0
0
0
0
0
0
0
0
0
0
0
0
0
0
0
0
0
0
0
0
0
0
0
0
0
0
0
0
0
0
0
0
0
0
0
0
0
0
0
0
0
0
0
0
0
0
0
0
0
0
0
0
0
0
0
0
0
0
0
0
0
0
0
0
0
0
0
0
0
0
0
0
0
0
0
0
0
0
0
0
0
0
0
0
0
0
0
0
0
0
0
0
0
0
0
0
0
0
0
0
0
0
0
0
0
0
0
0
0
0
0
0
0
0
0
0
0
0
0
0
0
0
0
0
0
0
0
0
0
0
0
0
0
0
0
0
0
0
0
0
0
0
0
0
0
0
0
0
0
0
0
0
0
0
0
0
0
0
0
0
0
0
0
0
0
0
0
0
0
0
0
0
0
0
0
0
0
0
0
0
0
0
0
0
0
0
0
0
0
0
0
0
0
0
0
0
0
0
0
0
0
0
0
0
0
0
0
0
0
0
0
0
0
0
0
0
0
0
0
0
0
0
0
0
0
0
0
-1
-1
-1
-1
-1
-1
-1
-1
-1
-1
-8
-8
-8
-256
-66834
-16902718
-373817952
-373817952
-373828706
-373828706
-373833664
-1138753536
-1682803784
-2051164689
-2051164689
-2051164689
-2147483648
-2147483648
